1.857226782804271750e+02 -1.880485246188719373e+01 1.074678677830543805e+01 7.970373281679613342e+00 -4.299356660834883215e+00 4.788831917020719864e+00 -5.998597850537347398e+00 -7.015734841289528845e+00 9.769411397150983944e+00 5.876421019744979546e+00 2.661467238190297380e+01 6.225033546613463642e+01 8.168775056236022181e+00 3.554255611097235423e+00 4.228924268932579555e-01 1.260235063734046967e+01 1.236731399650064667e+01 6.819161159710252385e+00 8.788376130967203892e+01 -2.973905023744408682e-01 1.331164850287477748e+02 -1.888041237190731536e+01 1.628688025493615754e+01 3.645345658585307547e+01 -4.910893709072742297e+01 -2.044934001499666465e+01 -1.203671612846769960e+02 -8.618306623344174966e+00 -7.766975456136296252e+00 -8.974531092227030271e+00 -4.381328967757915471e+00 -2.697805823544101145e+00 -1.073742071982029422e+01 -2.275437465633675327e+00 -8.667284878780595392e+00 -7.820997725568403780e+00 -1.014597680579814032e+01 -6.224360909772248540e-01 -3.274463159210208030e+00 -5.356971107223330364e+00 1.365129692576821929e+00 -4.037475906023567873e+00 -5.046710822294168119e-01 -4.692571582104641870e+00 -1.615575881029782934e+01 -1.894657118220521852e+01 5.484831042239450838e-01 -2.058198925268679869e+00 -3.434941582104307667e+00 -3.041740129967531292e+00 -1.649616228442868371e+00 1.112208571857072492e+01 9.632290669832585195e+00 -4.896793441639666788e+00 3.929472814146463833e+01 6.043843779055237064e+01 1.658601016745813794e+01
-1.880485246188719373e+01 4.597099258685085260e+03 -5.534492466883862249e+01 -1.245123259185181475e+01 -4.475176398400746081e+01 -1.619330934766319885e+01 9.825911847038362623e+00 -1.431472624343858691e+01 -5.553089227700089836e-01 5.771687378155509407e+01 -4.761864708822129977e+00 -1.399158651337363324e+02 -1.971260984753646284e+01 -1.192924253936533496e+01 5.365008097975619172e+00 -4.369985578606268461e+00 -1.766530184953745319e+01 3.404739277680412357e+01 -3.311859868533003919e+02 -1.096257483129227950e+01 -6.938001797050580421e+01 -1.046371527118244238e+01 -8.083289327668051527e+00 6.527231042238891057e+00 -2.981038057985538217e+02 -1.376740938265480452e+02 -4.565801291927053285e+02 -5.502596085978112228e+01 -4.653357545613772572e+01 -4.419775573606246155e+01 -2.469060922269134295e+01 -1.416986628342921328e+00 -5.678559517620063701e+01 -1.798964858785271126e+00 -4.622772021994023106e+01 -3.749462334416511311e+01 -4.550739850037741263e+01 -8.431296400900587074e+00 -3.799440569857230088e+01 -1.652465076231013086e+01 -2.649212479380411978e+01 -8.247640507372960883e+01 -5.217834966259762730e+00 -5.251678035491369911e+01 -7.297077313171331525e+01 -9.323400427393923451e+01 -2.634864783803821275e+00 -1.579403674081444642e+01 -9.368001714571505545e+00 -4.808682450637376604e+01 -7.253953106723779243e+00 -2.855349400899418555e+01 -1.598773836540940296e+00 1.811736753310932979e+00 3.655640731667102727e+01 2.473449982504319777e+01 -3.767099122469334560e+01
1.074678677830543805e+01 -5.534492466883862249e+01 5.232668473631472352e+02 -3.027016135965949672e+01 2.181934726318464968e+01 1.136256980754809476e+01 -8.743491552111956722e+00 -1.035519887528150740e+01 9.992714946263520304e+00 -6.624552611848025796e-01 8.558792801799972039e-02 7.867053946513412654e+01 3.478373606598327061e+00 2.954576955761371693e+00 1.492043376655849229e+01 1.442206465883549349e+01 -2.867725168707875749e+00 4.231121487128208258e+01 1.797183048487857775e+02 -1.510565583604030815e+00 8.134505761059752160e+01 -4.363093046738298142e+01 1.557625741064717317e+01 -3.786167758060305477e+00 -6.851262681829614110e+01 -1.238306543364154777e+01 -3.229592808048002439e+02 -4.728383979005236881e+00 -2.011169645088699554e+01 5.126319645088520005e+00 -4.524915071232269881e+00 -1.343671494626335594e+01 -2.315297745563639964e+01 -1.327094733816518790e+01 -9.653970707323189515e+00 -4.641196700824965937e+00 -2.196492756810826208e+01 1.231027943014142068e+01 3.560307648088004928e+00 -1.289475038740306445e+01 -5.788734091477148347e+00 2.502617765558643015e+01 -9.170282679329970321e+00 -2.728071319670228689e+01 -2.253699960009974390e+01 -2.872316898275436259e+01 -1.533460384903825857e-01 -2.187500449887485487e+00 -5.554761552111917133e+00 3.409777583104324883e+00 -1.975650527368128406e+00 4.169615280679835934e+01 3.706942754311445931e+00 -7.060877073231670131e+00 1.890161133204197768e+02 1.733698481379657608e+02 6.397650867283152465e+00
7.970373281679613342e+00 -1.245123259185181475e+01 -3.027016135965949672e+01 2.618076337290747233e+03 -6.161004373906678211e+00 -1.144187203199223823e+01 7.933539115224302884e-02 2.464300674831280347e+00 -7.075375956010925727e+00 -1.988601252186987978e+01 -9.970337190702133867e+00 -3.462015288677894631e+01 -1.210094478880281699e+01 9.000660334916538829e+00 -9.979567883029400122e+00 -1.792301302174489308e+01 -5.547305273681641502e+00 -2.913018870282508832e+00 -1.165285201199707075e+02 -1.632183281679625253e+01 -4.171176138465361305e+01 -6.317163759060505868e+00 -2.253382981754515058e+01 2.887814128967795213e+01 -1.529104898775258459e+00 -3.944094476381983516e-01 -2.006326568357850171e+00 -1.065198075481227358e+00 -2.255056985753510490e-01 -6.879796550862378179e-01 -2.313430642339406873e-01 -8.940394901274510697e-02 -1.446952436890803106e+00 -1.995200199949997977e-01 3.357253136715976360e+00 1.937030592351890013e+00 -3.237515021244861568e+00 -5.075362909272701506e-01 3.044493901524581769e+00 -2.768362559360181940e+00 -1.175197700574885928e-01 -5.211075731067290606e-01 -6.328641089727454760e-01 -6.798130217445642609e-01 -1.032388212946781714e+01 -1.553188452886744564e+00 -8.311499625094040389e-02 2.141302299425111411e+00 2.174319712571818553e+00 -2.094540709822577451e+00 -7.492857610597402074e-01 -2.348082777555612566e+01 -6.466039952511887456e+00 -5.025536425893487369e+00 -1.684696919020244721e+01 8.108001204698825859e+01 5.838978125468638147e+00
-4.299356660834883215e+00 -4.475176398400746081e+01 2.181934726318464968e+01 -6.161004373906678211e+00 9.004924979755322738e+02 -5.350593601600798221e-01 2.806222789302646703e+01 -1.019037475631100698e+01 -1.130772341914513390e+01 8.696972256932731238e-01 1.037512371907122755e-01 6.762169770057492713e+01 -2.167093326668312780e+00 -5.134468382902602768e-01 1.213229017745583782e+00 2.028685968507907944e+01 3.266560727318154989e+01 9.083435541114905476e+00 3.126854158960376751e+01 -5.046771207198245790e+00 7.010871217195665395e+01 -4.942854256435936833e+01 -5.180725168707788875e+00 -2.751794396400883969e+01 -1.329774881279748655e+01 -2.269308567858060144e+01 -2.623719017745690962e+02 -1.496976098475330730e+01 5.173966615846406825e+01 -2.681009847538146307e+00 -1.813788027993016305e+00 6.544674056486075031e+00 -3.428661884528873216e+00 6.238716195950939181e+00 -9.089076405898071087e+00 -1.792112646838288192e+00 -1.995431347163188462e+01 5.761124006498523187e+01 -9.262841414645821558e+00 1.022345988502803893e+00 -1.583591429642595649e+01 1.746836581604680703e+02 -6.277919070232565346e+00 4.511387728067994374e+01 -3.454824393900645774e+00 -6.690760357410628956e+01 -1.499795051237152954e+00 -5.176622794301469099e+00 -7.376376715821097996e+00 -7.052874228942746626e+00 -3.315235151212212905e+00 -3.485944921019709142e+01 -1.208997958510378012e+01 -7.572421299675040629e+00 8.431077920569842377e+01 -2.321840984753801607e+01 -4.049138811297175522e+01
4.788831917020719864e+00 -1.619330934766319885e+01 1.136256980754809476e+01 -1.144187203199223823e+01 -5.350593601600798221e-01 1.202420419395167812e+02 -3.541254661334583442e+00 6.576129367658291258e+00 7.652428817795470017e+00 -3.257983679080283412e+00 -5.064782304423431913e-01 -2.336692326915568163e-01 6.726731917020695839e+00 1.735107198200020129e+00 1.316460162459390304e+01 -1.171404396400909320e+01 2.642606698325315584e+00 5.436235941014655459e+00 3.874012744313778711e+01 4.283439215196246153e+00 1.709595831042192060e+01 -5.130269832541928920e+00 1.966979692576853367e+01 1.129404223943981656e+00 -2.631466710822311228e+01 -1.697044991252145607e+01 -5.918216270932593659e+01 -8.053523469132638724e+00 -5.421162059485187257e+00 -2.546238490377376262e+00 -3.022194326418406352e+00 -1.404847488127995758e+00 -2.664081979505290576e+00 -1.585953836540885842e+00 -5.882469832541753263e+00 -4.028796775806050334e+00 -3.141895326168506308e+00 -1.327570557360668868e+00 -4.465599250187349156e+00 -2.153303699075236111e+00 -1.555388127967928913e+00 -1.167220892276961663e+01 -8.831314671331567112e-01 -3.349979430142572490e+00 -8.665809447638206819e+00 3.964928642839072648e+00 3.750207448136880922e-02 -1.733652286928266006e+00 -6.396032491877063908e-01 2.407792044488864303e+00 -8.966726318421265607e-02 3.488912029492734046e+00 2.866608015496157069e+00 6.896646813296650746e-01 -5.054461542989243839e+01 5.777470872281936920e+01 5.525544881279680354e+00
-5.998597850537347398e+00 9.825911847038362623e+00 -8.743491552111956722e+00 7.933539115224302884e-02 2.806222789302646703e+01 -3.541254661334583442e+00 2.116782799050268125e+02 -5.540641664583838555e+00 -6.181896600849746903e+00 2.033773081729661758e+00 6.504293451637053636e+00 -3.562744888777860552e+00 -7.879605198700341262e+00 -8.075426818295339260e+00 -5.516759485128745588e+00 2.937049552611860648e+01 2.110212904273926426e+01 1.517615558610394899e+01 1.299811904523829043e+01 -6.588294101474607700e+00 3.760997900525082205e+00 -1.920767788052995684e+01 -1.027671442139456204e+01 -1.457251772056998185e+01 -5.032219795051192435e+00 -2.182482254436360680e+00 -1.479485718570389352e+01 -5.099161534616371227e+00 -1.773023444138924543e+00 9.112624093975980610e-01 -1.059571257185686344e+00 -3.640978505373536622e-01 -1.600719570107457912e+00 -6.612969007748176198e-01 -1.149765108722813345e+00 -1.047773806548289555e+00 2.226163959009714588e-01 -7.038169957510539421e-01 -1.837460534866256934e+00 2.010971507123365809e-01 -1.026849037740529963e-01 -2.634919670082526366e+00 -7.361965758560260475e-01 -1.370050012496806469e+00 -3.972695926018531942e+00 -5.259130292426895892e+00 -1.153511372156972997e-01 -6.349484878780212727e-01 -2.114557043239166045e+00 -3.355085903524136270e+00 -4.560580254936278943e-01 -1.244554918520371878e+01 -3.543677073231739971e+00 8.336158767808136361e+00 6.940367675581163631e+00 -4.019125403649095318e+01 -3.216678181954507210e+01
-7.015734841289528845e+00 -1.431472624343858691e+01 -1.035519887528150740e+01 2.464300674831280347e+00 -1.019037475631100698e+01 6.576129367658291258e+00 -5.540641664583838555e+00 2.870636982754362521e+02 9.620095626093586816e+00 2.118835613596591472e+01 7.839358585353724429e+00 -8.107893451637155025e+00 -9.847017995501219367e-01 -1.842798050486646189e-01 6.549389202699211765e+00 -5.103173256685788139e+00 4.918289767558074743e+01 -3.409968382904290607e+00 -5.952239115221169641e+01 2.382991527118186070e+01 6.300972121969513751e+01 -2.415559767558101711e+01 5.278710097475649121e+00 -4.751223969007739356e+00 -1.076489627593042675e+00 4.731179130217461726e+00 -6.859621402149390690e+01 -6.433744263934182861e+00 -4.144153186703122493e+00 -1.616636915771066052e+00 -3.057564558860288884e+00 -2.411564483879069520e+00 -7.377864108972866930e+00 -2.660220344913780455e+00 -7.792293676579771233e-01 -4.614779055236518102e-01 3.837256960759854341e+00 -1.151026693326687278e+00 -1.493998900274843278e+00 1.361733866533369142e+00 6.893715646088281801e+00 -1.182011852036949051e+01 6.716968382904701329e+00 -6.422926718320451478e+00 1.690154388902797322e+01 -4.905823544114084278e+00 2.658090477382090561e-02 -5.375750812296919978e-01 -3.344062201949506541e+00 -2.528955601099741823e+00 -7.094523219195284502e-01 -9.783110619845359679e+00 -6.488818695326191710e-01 -7.141922719320283441e+00 -3.281243544963756875e+01 -1.958533386653341424e+01 -2.006318750312425347e+00
9.769411397150983944e+00 -5.553089227700089836e-01 9.992714946263520304e+00 -7.075375956010925727e+00 -1.130772341914513390e+01 7.652428817795470017e+00 -6.181896600849746903e+00 9.620095626093586816e+00 1.210438474131449169e+02 2.629265901024777463e+01 5.180751037240680645e+00 7.789169457635561677e+00 4.768385403650238219e-01 8.833504948762900710e+00 2.125525723569152703e+01 -1.819716115971021608e+01 1.204592534366403456e+01 1.331911149712547981e+01 -2.517947270682267558e+01 1.626506133466639881e+01 2.912193884029012025e+01 -1.835517353161705145e+01 7.867959735066321514e+00 9.638449637590582597e+00 -6.328590377405806322e+00 5.670329417645519676e+00 -5.202715286178299436e+01 -6.399902524368707546e+00 -4.065755861034712204e+00 1.100275081229746599e+00 -1.331537365658512329e+00 -3.021988752812010404e-01 5.930477830542417728e+00 -3.705341414645953457e-01 -1.709208922769385408e+00 -4.644116895776099874e+00 1.552120994751247096e+00 1.881877280679755127e-01 -3.991571232192038021e+00 2.780877680579725286e+00 -3.363766833291549130e+00 -8.123630742314654540e+00 -1.329196050987214939e+00 -5.526942814296558204e+00 -2.369883649087690358e+01 -1.403202061984544891e+01 8.995246938265690773e-01 -5.841957510622207694e-01 4.163908797800590644e-01 -3.937629892526865460e-01 1.567161314671348560e+00 -4.747817968007923994e+00 8.381027863034237413e+00 -3.456388935266183626e+00 1.182596893126718669e+02 2.309525583104224609e+02 5.890609387903027283e+01
5.876421019744979546e+00 5.771687378155509407e+01 -6.624552611848025796e-01 -1.988601252186987978e+01 8.696972256932731238e-01 -3.257983679080283412e+00 2.033773081729661758e+00 2.118835613596591472e+01 2.629265901024777463e+01 9.054527195701166420e+02 1.667674688827807827e+01 5.963758125468614679e+01 5.856318095476193086e+00 5.758144213948805934e-01 4.187272684328863193e+01 -1.132454311422042004e+00 1.582510237440653889e+01 3.809241464633684959e+00 1.262624502624358342e+02 4.404162709322429481e-01 5.891839710072369485e+01 7.744730342412622370e+00 1.811440434891259343e+01 9.521071857035526165e+00 9.363949587603269009e+00 2.761229267683205890e+01 -2.486962504124086024e+02 3.995010147463173666e+01 -2.796691352162048450e+00 3.097338180454759282e+01 -8.281778805296805546e-01 3.709404248937684834e+00 -1.409832851787039587e+01 3.863052511872014261e+00 2.713986328417872684e+00 7.574009172706843707e+00 5.627000349912633759e+00 -5.146775181204892746e+00 8.608132216947554927e-01 8.087600374906202205e+00 -8.182048237940666269e+00 -4.717830012496971648e+01 1.468180437390643789e+01 -1.317007228192857760e+01 -1.238443149212693939e+01 -1.331373876530841827e+01 -7.870624593851462958e-01 -9.899780054992757261e-02 5.929680319919961917e+00 6.304664661334586029e+00 2.360106740814779336e+00 -5.645320944764748994e-01 7.741431562109453601e+00 2.679397978505306810e+01 1.889951265511124916e+02 2.830648658335418872e+02 3.121695237440656712e+01
2.661467238190297380e+01 -4.761864708822129977e+00 8.558792801799972039e-02 -9.970337190702133867e+00 1.037512371907122755e-01 -5.064782304423431913e-01 6.504293451637053636e+00 7.839358585353724429e+00 5.180751037240680645e+00 1.667674688827807827e+01 7.237651624594070654e+01 3.884243736565918681e+01 1.112617970507421505e+00 3.575247038240421560e+00 6.298766308422806270e-01 1.364753571607073468e+01 1.215950972256933582e+01 4.954177730567297822e+00 5.218626933266646262e+01 1.851965236190946129e+01 1.234428239939988430e+02 -9.739391477130642016e+00 2.889314596350890607e+00 1.852058985253502710e-01 -1.145791294676339334e+01 -9.333677030742565606e+00 -4.049883936515781357e+01 -4.557731342164728083e+00 -3.688871007248251566e+00 -2.285557710572359902e+00 -2.771036240939958595e-01 -1.068315421144728550e+00 -3.743757335666048736e+00 -1.125604048987806971e+00 -2.490672181954573627e+00 -2.422549212696807786e+00 -1.361576505873735243e+00 2.440700324918868291e-01 -2.812245513621750792e+00 -9.612090727318313155e-01 -2.356305973506659157e+00 -4.373698025493415464e+00 -6.749354911272388291e-01 -4.527219145213818408e+00 -1.336953336665875369e+01 -8.290764683828914627e+00 -2.436718320420026285e-01 -2.626938015496358414e-01 -1.716351692076923063e+00 -3.522126725818534254e+00 -5.227303049237636001e-01 -6.968590149962444968e+00 -2.309428042988994623e-01 -2.342311422144455868e+00 -1.279235025743592047e+00 3.611249987503131820e+01 1.138864849287676684e+01
6.225033546613463642e+01 -1.399158651337363324e+02 7.867053946513412654e+01 -3.462015288677894631e+01 6.762169770057492713e+01 -2.336692326915568163e-01 -3.562744888777860552e+00 -8.107893451637155025e+00 7.789169457635561677e+00 5.963758125468614679e+01 3.884243736565918681e+01 1.607576553111729936e+03 -5.277739115221129040e+00 -9.246842589352930020e+00 7.594640289927654386e+00 -2.714815951012245065e+01 3.908846610847282932e+01 1.361929785053754571e+01 2.048237590102475281e+02 1.099592936765782980e+01 2.091254141214699871e+02 -6.869188160459894732e+01 7.944606373406740474e+00 7.500406548362782644e+00 -4.369782576855833156e+01 4.105665383654040568e+01 -8.562431247937871603e+02 -2.129803394151432983e+01 1.316817330917214122e+02 -3.708550162459376409e+00 -8.827302974256589607e+00 -2.285516868282896752e+01 -2.215570414896243889e+01 -2.384382304423872156e+01 -4.048302429392609980e+01 3.164331642089365015e+00 -1.343529577605620062e+01 -1.289684583854009503e+01 1.923392926768301336e+01 -9.442126393401768070e+00 -1.627250102474364368e+01 1.590065264183931220e+02 -9.344184203949096101e+00 2.460037835540954987e+01 -1.585848095975985359e+02 -1.340719729067764661e+02 8.623468382904279084e-01 1.597914113971491545e+01 -1.559193422144511310e+01 -6.619728560359951608e+00 -8.284954388902681544e+00 4.349451464633996345e+00 4.093765373656599316e+00 -2.415829732566849586e+01 -5.184163847188166585e+01 8.634398905273695846e+01 1.612615387653081456e+01
8.168775056236022181e+00 -1.971260984753646284e+01 3.478373606598327061e+00 -1.210094478880281699e+01 -2.167093326668312780e+00 6.726731917020695839e+00 -7.879605198700341262e+00 -9.847017995501219367e-01 4.768385403650238219e-01 5.856318095476193086e+00 1.112617970507421505e+00 -5.277739115221129040e+00 1.794263047488138341e+02 1.035214071482168485e+01 5.382114846288428289e+00 -8.134088152961673757e+00 1.711880779805448893e-01 6.264934341414706509e+00 8.418184831292204251e+01 -1.038261444638835940e+01 -4.915117720569751825e+00 -2.177292454386378395e+01 1.210160887278153652e+01 1.170221964508863977e+01 -2.525451712071979671e+01 -2.128215368657879125e+01 -8.008758007998096673e+01 -1.314806588352936068e+01 -4.081796700825061741e+00 -7.852667883029371687e+00 -4.254463734066551872e+00 -2.564854311422239519e+00 -1.263012381904544768e+01 -2.634305523619155487e+00 -9.738402224444016042e+00 -6.752252236940694097e+00 -4.529041514621376052e+00 -1.796607973006748571e+00 1.310492026993253845e+00 -1.043797175706015157e+00 -1.711364383904068864e+00 -1.558080129967509464e+01 1.225509197700610509e+00 -5.271388227942598981e+00 -1.078823144213963481e+01 -4.724530667332935252e+00 -4.207072981754365060e-01 -1.307368182954234515e+00 -2.836484706323315397e+00 -6.756740327418174985e+00 -1.151229677580605681e+00 -2.714381354661289603e+00 2.004015933766547164e+01 -5.650907598100484819e+00 -4.501012977755575406e+01 2.334705633591597973e+01 2.116200726568362711e+01
3.554255611097235423e+00 -1.192924253936533496e+01 2.954576955761371693e+00 9.000660334916538829e+00 -5.134468382902602768e-01 1.735107198200020129e+00 -8.075426818295339260e+00 -1.842798050486646189e-01 8.833504948762900710e+00 5.758144213948805934e-01 3.575247038240421560e+00 -9.246842589352930020e+00 1.035214071482168485e+01 2.579046484628709663e+02 -4.445492451887056440e+00 -4.345191527118042352e+00 1.112961534616250692e+00 -1.100373864033948479e+01 2.100718745314252178e+00 7.009567133216406454e+00 2.592188725318603915e+01 -1.502718182954277637e+01 4.793829517620617153e+00 4.378325068732741521e+00 -2.833233569107723682e+01 -2.018714916270948123e+01 -5.273436663333988150e+01 -5.864231142214547887e+00 9.292869282680620013e-02 -6.093587753061487255e+00 -2.699452836790742882e+00 -2.095739840040023338e+00 -3.295030517370553635e+00 -2.163193901524732343e+00 -5.979172606848412563e+00 4.274214096475830615e+00 -8.492955561109587492e+00 -5.409745313671462386e-01 -7.414760284928856748e+00 -4.299357685578667265e+00 -5.126147563109165084e+00 1.012845628592890890e+01 1.119434291427308770e+00 -6.079526343414020317e+00 9.584126468382772046e+00 -1.404357958010466589e+01 3.757027293176729899e+00 -2.407130567358109818e+00 -3.116064288927752113e+00 4.610081354661081376e-01 -1.020746365908545172e+00 -1.207068225443670784e+01 7.912432534366454995e+00 8.140628892776984316e-01 -6.971164311922025902e+00 1.099765544113970748e+02 5.189100226443381558e+01
4.228924268932579555e-01 5.365008097975619172e+00 1.492043376655849229e+01 -9.979567883029400122e+00 1.213229017745583782e+00 1.316460162459390304e+01 -5.516759485128745588e+00 6.549389202699211765e+00 2.125525723569152703e+01 4.187272684328863193e+01 6.298766308422806270e-01 7.594640289927654386e+00 5.382114846288428289e+00 -4.445492451887056440e+00 1.105781465383631001e+02 -1.768609945013764673e+01 -5.208177405648631186e+00 4.641369282679322339e+01 -6.309021919520096944e+00 -5.152192451886998370e+00 4.447754911272153500e+00 -8.920250587353233840e+00 4.626225791052260661e+01 -1.266320269932495135e+00 3.598160084978629936e+00 8.635319895026302817e+00 -1.239286998250390326e+01 -1.064578480379931857e+00 -5.800033491627045734e-01 -4.206940764805075506e-02 -1.039224693826583529e-01 2.112042239440000135e-01 3.576296725818258082e+00 7.731734566359452221e-02 1.586238865283710942e+00 -1.138752536865782705e+00 1.730493826543637370e+00 -6.387647588102858265e-01 1.475749537615623108e+00 9.447192951762005464e+00 1.523143589102699424e+00 -2.592818845288614060e+00 8.590645163709034193e+00 2.202524868782651246e-01 -5.541313196700683008e+00 1.626941064733954390e+00 -9.525276180954614369e-02 -6.624917270682166848e-01 -4.278802649337412611e-01 2.284783976505866843e+00 8.770126368407784589e-01 -1.019378093226698212e+01 6.793546358410353925e+00 -3.742815201199705122e+00 -4.985444177705558033e+00 2.496256975756060683e+02 2.417409349162708665e+01
1.260235063734046967e+01 -4.369985578606268461e+00 1.442206465883549349e+01 -1.792301302174489308e+01 2.028685968507907944e+01 -1.171404396400909320e+01 2.937049552611860648e+01 -5.103173256685788139e+00 -1.819716115971021608e+01 -1.132454311422042004e+00 1.364753571607073468e+01 -2.714815951012245065e+01 -8.134088152961673757e+00 -4.345191527118042352e+00 -1.768609945013764673e+01 7.859064999000215721e+02 -5.108396600849729907e+00 2.446723451637032909e+01 7.571455191202394985e+01 -1.052797050737324547e+01 6.412038540365855077e+00 -4.373968692826792903e+01 -1.162468195451149811e+01 3.042199087728060292e+01 -5.745563186703461156e+01 -2.211434123969006293e+01 -8.429843674081692484e+01 -1.658276363409175502e+01 -8.473534016496254040e+00 -7.937664358909962914e+00 -4.420424068982692134e+00 -3.020395301174699121e+00 -1.212529080229974809e+01 -3.060204948762994537e+00 -1.211390332416865867e+01 -1.252991204698801120e+01 -5.602102499375274824e+00 1.418105883529114131e+01 2.322694326415745275e-02 -5.117553461634652301e+00 -4.062533866532601623e-01 3.298793401649391832e+00 -3.198857585603625431e+00 -6.654746688327803916e+00 -7.215236440889621683e+00 -9.401238090476905285e+00 -5.576227443139067930e-01 -1.646722769307660705e+00 -3.348512674331574512e+00 -6.889591574606261482e+00 -1.605133079230201210e+00 4.550493110722334933e+01 -9.006035946013446036e+00 1.175728373906537527e+01 -4.537811986178451917e+01 -1.289143564108972271e+02 -4.533242929017740863e+01
1.236731399650064667e+01 -1.766530184953745319e+01 -2.867725168707875749e+00 -5.547305273681641502e+00 3.266560727318154989e+01 2.642606698325315584e+00 2.110212904273926426e+01 4.918289767558074743e+01 1.204592534366403456e+01 1.582510237440653889e+01 1.215950972256933582e+01 3.908846610847282932e+01 1.711880779805448893e-01 1.112961534616250692e+00 -5.208177405648631186e+00 -5.108396600849729907e+00 2.958866695326154286e+02 -5.656596400899800869e+00 -1.031159830042510706e+01 5.218320752311911548e+01 9.419203746563395896e+01 -3.174322006998260548e+01 3.196388752811794909e+00 -2.389541339665048891e+00 3.292464876280870811e+01 -1.043603821544625099e+01 -8.345013044238905309e+01 -1.124747098225457798e+01 -4.942677080729956707e+00 6.306662784304089442e+00 -1.894848837790598761e+00 -3.351946138465354164e+00 -6.187721269682602276e+00 -3.418128767807984136e+00 -7.900113771557099263e+00 1.694219495126328079e+00 -2.955386353411610045e+00 -1.430632816795802009e+00 -4.317735791052388805e+00 1.015882454386401967e+01 -4.404800349912596502e+00 -2.270938365408617265e+00 -3.216616195951020440e+00 1.635639890027331678e+00 -2.196027223194215949e+01 -1.814548417895545995e+01 2.908603599100333392e-01 -1.891564208947789538e+00 -3.008423479130267086e+00 -2.924657950512362881e+00 -1.625062524368904970e+00 5.302453321669279518e+00 1.411331894526348663e+00 -6.612173576605803405e+00 1.014168334516372205e+01 2.401505063734089518e+01 8.245725571107364260e+00
6.819161159710252385e+00 3.404739277680412357e+01 4.231121487128208258e+01 -2.913018870282508832e+00 9.083435541114905476e+00 5.436235941014655459e+00 1.517615558610394899e+01 -3.409968382904290607e+00 1.331911149712547981e+01 3.809241464633684959e+00 4.954177730567297822e+00 1.361929785053754571e+01 6.264934341414706509e+00 -1.100373864033948479e+01 4.641369282679322339e+01 2.446723451637032909e+01 -5.656596400899800869e+00 5.042086152711804630e+02 6.722542206948232035e+01 -1.148813684078990427e+01 7.130264383904007275e+01 -4.068198007997990828e+01 6.318269307673157975e+00 2.087563821544638643e+01 1.636099817545705903e+01 1.282470969757623891e+01 -1.395934838540394765e+02 4.914934386403488276e+01 -1.689045306173421324e+01 3.416579190202218541e+01 2.391565858535385658e+01 -6.526339890027442969e+00 -4.112433291677004554e+00 -7.143932941764626676e+00 2.938356950762361564e+01 2.511833941514636948e+01 5.461078405398990476e+00 4.663433166708327526e+00 -3.768841539614826153e-01 2.780684903774135464e+00 -4.941585553611648862e+00 -2.023597613096655223e+01 4.895099975009514215e-01 -1.035059882529378505e+01 -1.172591317170716074e+01 -9.007267958010393372e+00 -5.235055986003606110e-01 2.325527643089148722e+00 -7.256713966508571367e+00 -3.125935271182163966e+00 -1.139868807798078976e+00 -5.140085268682886621e+00 -4.264175756061212574e-01 3.305791497125721179e+00 -7.931143999650083742e+01 9.216406898275444348e+01 -3.628242311922019514e+00
8.788376130967203892e+01 -3.311859868533003919e+02 1.797183048487857775e+02 -1.165285201199707075e+02 3.126854158960376751e+01 3.874012744313778711e+01 1.299811904523829043e+01 -5.952239115221169641e+01 -2.517947270682267558e+01 1.262624502624358342e+02 5.218626933266646262e+01 2.048237590102475281e+02 8.418184831292204251e+01 2.100718745314252178e+00 -6.309021919520096944e+00 7.571455191202394985e+01 -1.031159830042510706e+01 6.722542206948232035e+01 6.326427123844118796e+03 -2.306906983254192411e+01 9.111736449387593666e+02 -1.388308331417146917e+02 2.430335786053498381e+01 1.998230808547866104e+02 -8.954460543364069736e+02 -3.611719597100749866e+02 -1.731478068058004055e+03 -1.496288318670317210e+02 -9.909551939515019114e+01 -8.461629447638151191e+01 -6.881458810297279172e+01 -3.866172119470143542e+01 -1.555465535866036930e+02 -3.906069407648036673e+01 -9.116061254686275106e+01 -1.261597602349416007e+02 -1.534188895776050856e+02 -2.535693619095236073e+01 -1.674106608347922531e+01 -4.171146253436612739e+01 -4.524030884778792938e+01 -1.770971132966784580e+02 -2.023566990752323846e+01 -1.079201231692068461e+02 6.989412054486369925e+02 1.603338322669339107e+02 -6.768539815046340280e+00 -3.482675791052199799e+01 -2.655101806298398870e+01 -1.023804093926512309e+02 -2.116424896275945144e+01 2.858458121494552415e+02 8.164312971757209381e-01 -3.430083297925498442e+01 -5.730482515583599934e+02 -6.072301342664319463e+02 -1.607379481879532364e+02
-2.973905023744408682e-01 -1.096257483129227950e+01 -1.510565583604030815e+00 -1.632183281679625253e+01 -5.046771207198245790e+00 4.283439215196246153e+00 -6.588294101474607700e+00 2.382991527118186070e+01 1.626506133466639881e+01 4.404162709322429481e-01 1.851965236190946129e+01 1.099592936765782980e+01 -1.038261444638835940e+01 7.009567133216406454e+00 -5.152192451886998370e+00 -1.052797050737324547e+01 5.218320752311911548e+01 -1.148813684078990427e+01 -2.306906983254192411e+01 4.158407605348704692e+02 6.246917735566112384e+01 4.841949262684317468e+00 -5.578429392651853114e+00 7.081115496125931053e+00 -3.351095476130968809e+00 -5.049436915771099876e+00 -1.068028787803086566e+01 -4.040781179705062343e+00 -1.534703349162708008e+00 -2.332920444888740619e+00 -9.102348412896779095e-01 -6.459056485878607035e-01 -2.883298950262433991e+00 -8.374834291426968003e-01 -1.711530792301920068e+00 -4.389868082979288211e+00 -4.957509297675628090e+00 3.069381954511451571e+00 -2.019043464133971622e+00 2.247694001499671579e+00 -7.204988752811649633e-01 -2.398854136465895959e+00 -1.098367258185462880e+00 3.949237840539840061e+00 -1.446726003499120061e+01 -2.558382304423871378e+00 -6.863151712072085298e-02 -4.974448637840518384e-01 -2.011419022744293184e+00 -3.831847613096791560e-01 1.258672956760812089e-01 3.415317123219206330e+00 -4.872864528867809852e+00 -4.109335581104772039e+00 1.079823355616095313e+02 1.819744994251438754e+02 1.452655499875030642e+01
1.331164850287477748e+02 -6.938001797050580421e+01 8.134505761059752160e+01 -4.171176138465361305e+01 7.010871217195665395e+01 1.709595831042192060e+01 3.760997900525082205e+00 6.300972121969513751e+01 2.912193884029012025e+01 5.891839710072369485e+01 1.234428239939988430e+02 2.091254141214699871e+02 -4.915117720569751825e+00 2.592188725318603915e+01 4.447754911272153500e+00 6.412038540365855077e+00 9.419203746563395896e+01 7.130264383904007275e+01 9.111736449387593666e+02 6.246917735566112384e+01 2.504058261634602786e+03 -1.134708653086729413e+02 -4.871088152961785767e+00 8.102687175706236644e+01 -2.677806220194942171e+02 -1.098852819045224152e+02 -6.134418533366896327e+02 -3.766384288927718416e+01 -9.619049587603186069e+00 -2.708692009497593034e+01 -1.193324188952734310e+01 4.406736715821357286e+00 -5.828684396401047252e+01 4.152668432891439387e+00 -3.100870267433137428e+01 -4.335350579855003161e+01 -5.634338250437353679e+01 4.451004273932226418e+00 -2.402758877780572533e+01 1.541816738315399959e+01 -2.745870552361988359e+01 -6.611000004998869883e+01 1.197430592351955037e+00 -4.441636133466558789e+01 3.672504281429603168e+01 -5.821849140214807505e+01 -2.133720894776210741e+00 -9.542241539615234913e+00 -2.358331454886319989e+01 -2.475091730067489593e+01 -5.596863756560941816e+00 -1.495224933016772084e+01 7.095623854036527511e+00 -2.793730205698568980e+01 -1.587356075156210089e+01 2.731069487628077042e+01 -4.447713400149971363e+01
-1.888041237190731536e+01 -1.046371527118244238e+01 -4.363093046738298142e+01 -6.317163759060505868e+00 -4.942854256435936833e+01 -5.130269832541928920e+00 -1.920767788052995684e+01 -2.415559767558101711e+01 -1.835517353161705145e+01 7.744730342412622370e+00 -9.739391477130642016e+00 -6.869188160459894732e+01 -2.177292454386378395e+01 -1.502718182954277637e+01 -8.920250587353233840e+00 -4.373968692826792903e+01 -3.174322006998260548e+01 -4.068198007997990828e+01 -1.388308331417146917e+02 4.841949262684317468e+00 -1.134708653086729413e+02 1.905839625843555496e+03 -9.398578905273787143e+00 -2.316546663334202094e+01 -6.524627778055611316e+01 -3.077279245188781331e+01 -9.776171117219999473e+01 -1.556719730067464447e+01 -1.056051149712633297e+01 -1.157974298925242529e+01 -6.646334316421212307e+00 -4.498988552861519885e+00 -1.174343451637021651e+01 -4.772404498875261858e+00 -1.204674871282183801e+01 -1.232273579105175187e+01 -1.601938835291122842e+01 -1.414042189452565879e+00 -7.923275181204641804e+00 -1.056884573856523346e+01 -5.592151037240507883e+00 -1.650011102224399551e+01 -4.949370432391732244e+00 -6.852586103474146206e+00 -4.280539010247606058e+01 -1.679826370907185762e+01 -6.347037240689904491e-01 -3.516317620594984650e+00 2.717594660709838763e+02 -1.964836460135001417e+01 6.859251862035504743e-01 -3.393456995251194286e+01 -1.621109473631585018e+01 1.359688711997032442e+02 6.785108892476861797e+01 7.157552026993248262e+01 8.934629929767558565e+01
1.628688025493615754e+01 -8.083289327668051527e+00 1.557625741064717317e+01 -2.253382981754515058e+01 -5.180725168707788875e+00 1.966979692576853367e+01 -1.027671442139456204e+01 5.278710097475649121e+00 7.867959735066321514e+00 1.811440434891259343e+01 2.889314596350890607e+00 7.944606373406740474e+00 1.210160887278153652e+01 4.793829517620617153e+00 4.626225791052260661e+01 -1.162468195451149811e+01 3.196388752811794909e+00 6.318269307673157975e+00 2.430335786053498381e+01 -5.578429392651853114e+00 -4.871088152961785767e+00 -9.398578905273787143e+00 1.782667017245674117e+02 -5.479212596850690176e+00 1.838837465633557322e+00 -2.385299725068687593e+00 -1.248758372906788594e+01 -4.603839290177492494e+00 -9.587834791302116688e-01 -1.683107673081794431e+00 -8.007799300174927026e-01 -5.841563109222464023e-01 -2.843434916270885182e+00 -8.717468632841988141e-01 -7.035491127276473702e-03 -3.479512546863302802e+00 -2.232539015246222558e+00 -9.320000749812400453e-01 8.165383154211695027e-01 3.742721144713809789e+00 -7.002699575106021701e-01 -2.293577530617417981e+00 1.729408647838036606e-01 -1.290865433641548599e+00 -4.405913871532160186e+00 -2.715914946263485064e+00 3.446475881028666227e-02 -3.209979005248758677e-01 -1.281145693576586142e+00 1.304380554861252373e+00 1.504993959010260562e+00 -4.325240202449351479e+00 2.904508267183219417e+01 -1.184953674081487662e+00 -5.263072728492871022e+01 1.043498081979507077e+02 2.966013786053489909e+01
3.645345658585307547e+01 6.527231042238891057e+00 -3.786167758060305477e+00 2.887814128967795213e+01 -2.751794396400883969e+01 1.129404223943981656e+00 -1.457251772056998185e+01 -4.751223969007739356e+00 9.638449637590582597e+00 9.521071857035526165e+00 1.852058985253502710e-01 7.500406548362782644e+00 1.170221964508863977e+01 4.378325068732741521e+00 -1.266320269932495135e+00 3.042199087728060292e+01 -2.389541339665048891e+00 2.087563821544638643e+01 1.998230808547866104e+02 7.081115496125931053e+00 8.102687175706236644e+01 -2.316546663334202094e+01 -5.479212596850690176e+00 3.632950809547564859e+02 -2.127002904273944850e+01 -1.083342274431374008e+01 -3.357659040239791892e+01 -6.684455636091018782e+00 -4.111211622094524287e+00 -4.476557635591174034e+00 -2.307144288927733378e+00 -1.694206398400381897e+00 -5.427790752311905109e+00 -1.837363084228916588e+00 -3.724585928517951672e+00 -5.700507898025377607e+00 -6.592691752061897503e+00 -4.512317920519960945e-01 -3.567446863284082337e+00 -2.994859760059979337e+00 -2.172446938265472305e+00 -4.561979955011311816e+00 -2.421818020494951984e+00 -2.007559535116266058e+00 -1.233472349412652491e+01 8.720786053485800604e-01 -1.772980004998720993e-01 -3.407233441639767046e-01 -1.239941334666302852e+00 -6.107233641589820961e-01 -6.896750487378334737e-01 2.183555898525328498e+00 4.695853444138981203e+00 -4.685660464883730114e+00 -3.795217289027745267e+01 -4.490841789552582619e-01 1.178298044738816408e+01
-4.910893709072742297e+01 -2.981038057985538217e+02 -6.851262681829614110e+01 -1.529104898775258459e+00 -1.329774881279748655e+01 -2.631466710822311228e+01 -5.032219795051192435e+00 -1.076489627593042675e+00 -6.328590377405806322e+00 9.363949587603269009e+00 -1.145791294676339334e+01 -4.369782576855833156e+01 -2.525451712071979671e+01 -2.833233569107723682e+01 3.598160084978629936e+00 -5.745563186703461156e+01 3.292464876280870811e+01 1.636099817545705903e+01 -8.954460543364069736e+02 -3.351095476130968809e+00 -2.677806220194942171e+02 -6.524627778055611316e+01 1.838837465633557322e+00 -2.127002904273944850e+01 6.226351961734590077e+03 1.569114869307692743e+03 -1.031934098675330688e+03 4.735578688578004858e+02 2.770366010747319478e+02 5.913961952761884504e+02 3.288021236690891556e+02 2.763373840289842747e+02 -5.455286538365515980e+01 2.763474002249461137e+02 4.195813822294312558e+02 3.989197498125363381e+02 1.549037800299989271e+02 7.589783554109033048e-01 4.111213456635960029e+01 2.636690095975926056e+02 -4.212148435391133461e+01 -2.560855041239832630e+01 7.311514738815604630e+01 -6.397995723568928383e+01 4.236476468382855387e+01 -3.010463674581366718e+02 -3.556830142464388889e+00 -1.672063209197734679e+01 7.579078920270311492e+00 7.560601101724621742e+01 1.106446561859529965e+01 -9.527585260685169999e+01 -2.817286893276744308e+00 1.543405222294427688e+02 1.060784996935763473e+02 7.121467418145419970e+01 6.020426889527610825e+01
-2.044934001499666465e+01 -1.376740938265480452e+02 -1.238306543364154777e+01 -3.944094476381983516e-01 -2.269308567858060144e+01 -1.697044991252145607e+01 -2.182482254436360680e+00 4.731179130217461726e+00 5.670329417645519676e+00 2.761229267683205890e+01 -9.333677030742565606e+00 4.105665383654040568e+01 -2.128215368657879125e+01 -2.018714916270948123e+01 8.635319895026302817e+00 -2.211434123969006293e+01 -1.043603821544625099e+01 1.282470969757623891e+01 -3.611719597100749866e+02 -5.049436915771099876e+00 -1.098852819045224152e+02 -3.077279245188781331e+01 -2.385299725068687593e+00 -1.083342274431374008e+01 1.569114869307692743e+03 1.665245088102931732e+03 -4.526667636340800414e+02 3.069048353161815044e+02 1.709053095976032921e+02 2.666272600849798664e+02 1.804214888777853218e+02 1.557895417145735451e+02 -3.164297185703599169e+01 1.558014488627860885e+02 2.488455015496209057e+02 1.957267963259137673e+02 1.128225047738050364e+02 8.756676230942625594e+00 3.121923281679524109e+01 1.458728890527365252e+02 -4.463134866283689384e+00 6.709964533866579472e+01 4.693433186703396842e+01 -1.331823819045180546e+00 -6.614368030492363459e+01 -1.311173323919041422e+02 2.443579030242589489e+00 -9.902429642589444247e-01 -6.962884703824141486e-01 5.408570259185189855e+01 1.009569034741309146e+01 -3.711618344663959590e+01 -2.122526768307898326e+00 -5.011018857785642489e+00 9.274871289177660572e+00 6.643795051236912608e-01 2.527911804548878205e+00
-1.203671612846769960e+02 -4.565801291927053285e+02 -3.229592808048002439e+02 -2.006326568357850171e+00 -2.623719017745690962e+02 -5.918216270932593659e+01 -1.479485718570389352e+01 -6.859621402149390690e+01 -5.202715286178299436e+01 -2.486962504124086024e+02 -4.049883936515781357e+01 -8.562431247937871603e+02 -8.008758007998096673e+01 -5.273436663333988150e+01 -1.239286998250390326e+01 -8.429843674081692484e+01 -8.345013044238905309e+01 -1.395934838540394765e+02 -1.731478068058004055e+03 -1.068028787803086566e+01 -6.134418533366896327e+02 -9.776171117219999473e+01 -1.248758372906788594e+01 -3.357659040239791892e+01 -1.031934098675330688e+03 -4.526667636340800414e+02 2.973725823826393389e+04 -7.189121672082350756e+01 -5.967867165708430122e+01 -3.972108477880452426e+01 1.577111357160591254e+01 8.099001374656552343e+01 -2.158959986503316202e+02 8.095013384154208325e+01 -5.976587053236378466e+01 -3.328588700324722538e+01 -2.014406265433568990e+02 -3.404117860534884699e+01 -8.913459487628672662e+01 5.722607573106893142e+01 -1.233245721069700807e+02 -2.070404681829602396e+02 -3.753602231941993495e+01 -1.688393872781819027e+02 -3.061289139215211890e+02 -5.398089182954215630e+02 -1.223984066483296829e+01 -1.799754881279752894e+01 -7.594028938265519457e+01 -1.340024892426931444e+02 -2.682781942514300155e+01 -1.701533681804582443e+02 -2.065817264183975155e+01 -3.604560216195787348e+01 -1.551825076608349434e+02 -5.090845219695011110e+02 -2.744155159085233322e+02
